%Vec Object: V0_EPS_0x84000000_0 1 MPI processes
%  type: seq
testphi10 = [
5.6872575386923777e-10
1.0947579097128983e-09
9.7601475467701452e-10
8.0694119826793237e-10
6.3214025548938833e-10
4.6536252453012751e-10
4.0250330073632896e-10
3.8424641000117359e-10
3.7897689224365169e-10
1.9255352900801653e-10
1.2002150677534368e-10
8.2871815316994211e-11
4.2921745337468239e-11
1.6406501799399853e-11
1.1202151984331597e-11
2.2969655885626205e-12
1.8450665288300386e-08
3.9773014384640903e-08
3.5290934068773577e-08
2.9194296995539315e-08
2.2862909128465049e-08
1.6535024001119943e-08
1.2991045737160535e-08
1.1783045223528355e-08
7.8924999903454252e-09
4.9465861843358429e-09
3.5113236810362010e-09
2.6013530547072475e-09
1.4545897100654283e-09
4.8699636811759401e-10
3.1434980334694775e-10
4.6975672667576706e-11
3.1668963619572990e-07
6.2381704377566900e-07
5.4894224546237663e-07
4.5478554259126609e-07
3.5700149127662883e-07
2.5982581807437435e-07
2.1294721953124899e-07
1.9758032233149289e-07
1.0253802557709151e-07
6.1433308560567778e-08
4.7038950481083267e-08
3.5982316936229043e-08
2.1520654421062418e-08
6.7465094702804411e-09
4.1748613303397902e-09
4.9602645505144497e-10
4.8539661700957498e-06
5.2490735669718486e-06
4.5233369503359739e-06
3.7970578103194721e-06
3.0185850197641018e-06
2.0795023989293601e-06
1.5040444368338969e-06
1.3118801089198587e-06
8.9745594779276022e-07
4.4907652407285700e-07
2.3872025254943239e-07
1.3122833230626443e-07
6.7483285773219132e-08
2.0598438234271457e-08
1.2991962220178088e-08
1.7286584969497972e-09
3.2464868505942761e-04
3.2933970074621420e-04
2.8315286508407301e-04
2.3912547331093986e-04
1.9341808849706780e-04
1.3509648703278487e-04
8.9235481939500794e-05
7.3938200806683831e-05
4.2756324568134876e-05
1.9062428571380886e-05
8.9542006913607190e-06
4.3389803878589096e-06
1.6753520394240207e-06
4.6867870683575915e-07
2.9257087649295420e-07
3.6390627990886705e-08
1.6813881958463728e-02
1.5935566987109885e-02
1.3680365633418744e-02
1.1607700513442041e-02
9.5856577377659048e-03
7.0790845777174089e-03
4.5898996875063450e-03
3.2931055062158602e-03
1.2818957751391826e-03
4.7840793735517349e-04
1.9418372277390353e-04
8.2508338813374956e-05
2.3685804884816021e-05
5.9772960593941487e-06
3.6845127542756562e-06
4.2360948401953851e-07
2.2220681241261173e-02
2.1121473110606828e-02
1.8214749608007987e-02
1.5534040243193863e-02
1.2905459480055198e-02
9.5918743409140576e-03
6.2278458880853510e-03
4.4782319983343770e-03
1.7564396209055089e-03
6.5847592415711970e-04
2.6842025357760819e-04
1.1453927377341433e-04
3.3254950131041624e-05
8.4309478427847952e-06
5.2000601737821407e-06
6.0011466651162032e-07
2.7290332903208810e-02
2.5988546760273293e-02
2.2541135047600084e-02
1.9317427577945471e-02
1.6110437043507887e-02
1.1999493996940327e-02
7.7920001184658720e-03
5.6037396211477807e-03
2.1990403745788378e-03
8.2472011547436740e-04
3.3632671329533888e-04
1.4358414219038849e-04
4.1750499335382421e-05
1.0591896446577749e-05
6.5334744519739210e-06
7.5445074783257663e-07
3.2913516442919080e-02
3.1450791088364675e-02
2.7576805267255526e-02
2.3906955818780717e-02
2.0150068070507284e-02
1.5126155204331113e-02
9.8265348476168652e-03
7.0686103034023973e-03
2.7766212046294388e-03
1.0418398725088123e-03
4.2505181168590232e-04
1.8153955515602349e-04
5.2845723780194964e-05
1.3412730780931634e-05
8.2739449490804063e-06
9.5578128170172719e-07
3.6697619384568045e-02
3.5272390763815192e-02
3.1555176500493734e-02
2.8079967891931915e-02
2.4441531733327960e-02
1.8982080982015700e-02
1.2323216279279958e-02
8.8574894535998604e-03
3.4718883301027527e-03
1.3006391645687533e-03
5.2977941374211617e-04
2.2590196012580431e-04
6.5472051652953805e-05
1.6587472085883391e-05
1.0229984428525837e-05
1.1799710570696211e-06
3.8840195213729348e-02
3.7452791673615725e-02
3.3858746539092821e-02
3.0484264045570461e-02
2.6840136367183326e-02
2.1036369886833002e-02
1.3666911360266834e-02
9.8282981833001503e-03
3.8553452663246577e-03
1.4455826682326131e-03
5.8925286168595432e-04
2.5139651386049780e-04
7.2862656564872045e-05
1.8459107419872240e-05
1.1384200602013107e-05
1.3130258666182620e-06
3.9793940531121709e-02
3.8446259982382353e-02
3.4956529756038399e-02
3.1623256543612727e-02
2.7928846532361939e-02
2.1909291878979470e-02
1.4236176030178569e-02
1.0239293549135940e-02
4.0189180647705134e-03
1.5074515622561207e-03
6.1468544408358210e-04
2.6234192411484891e-04
7.6111185963741873e-05
1.9290148131077625e-05
1.1897365687401775e-05
1.3726935473517749e-06
3.9010514586822781e-02
3.7721537855251626e-02
3.4383645017541875e-02
3.1158790571343006e-02
2.7527500915206015e-02
2.1572785808055512e-02
1.4018444959047627e-02
1.0083619462873927e-02
3.9590538561159010e-03
1.4852977231385449e-03
6.0577395907650483e-04
2.5859362656291472e-04
7.5069700601618694e-05
1.9031163773691922e-05
1.1738034199317274e-05
1.3546143945382863e-06
3.6910745653332216e-02
3.5709884138561118e-02
3.2608054819800232e-02
2.9572995470694790e-02
2.6118551495037990e-02
2.0437363456905323e-02
1.3281259865049772e-02
9.5541349706807083e-03
3.7511610315279225e-03
1.4073593072501422e-03
5.7407667611482078e-04
2.4510286045559667e-04
7.1186715856860774e-05
1.8050376689470457e-05
1.1133393338592713e-05
1.2850560302002053e-06
3.3992957487721680e-02
3.2897467957366922e-02
3.0071778906203397e-02
2.7288360326300928e-02
2.4086605071762829e-02
1.8820454139329288e-02
1.2230860380279910e-02
8.7989914221126616e-03
3.4552733915674660e-03
1.2964998336710875e-03
5.2891753830339595e-04
2.2584960803663357e-04
6.5617758196838137e-05
1.6640761497681332e-05
1.0264146990772449e-05
1.1848753484538784e-06
3.0644499514579999e-02
2.9665377841711211e-02
2.7144012571694760e-02
2.4643192209700262e-02
2.1744127224682049e-02
1.6971101915564706e-02
1.1028883706078107e-02
7.9342499507656788e-03
3.1159685431335926e-03
1.1691374908236755e-03
4.7694772501561902e-04
2.0365827099881953e-04
5.9185651248619177e-05
1.5011286076156214e-05
9.2592119347445569e-06
1.0689722406759115e-06
2.7158047005931128e-02
2.6295753354488877e-02
2.4079288882315048e-02
2.1863714174932169e-02
1.9281120044161500e-02
1.5031104487884724e-02
9.7683433735285870e-03
7.0276831148451749e-03
2.7603106978588351e-03
1.0357715037721804e-03
4.2257395611373385e-04
1.8045496825706424e-04
5.2454494975093739e-05
1.3305354827578248e-05
8.2070688416556845e-06
9.4758170621006572e-07
2.3730918895725633e-02
2.2981675993712914e-02
2.1059586444095314e-02
1.9123791364571509e-02
1.6854759262362774e-02
1.3124004303124716e-02
8.5290261531700412e-03
6.1362349003736306e-03
2.4103431810041931e-03
9.0450394752235254e-04
3.6904197002326160e-04
1.5760492185989112e-04
4.5820886201865822e-05
1.1623614186126147e-05
7.1698028348567301e-06
8.2787521875456992e-07
2.0483355487295764e-02
1.9840248225767895e-02
1.8190941827019989e-02
1.6518539705042575e-02
1.4549846367218268e-02
1.1316786453305767e-02
7.3545894410770194e-03
5.2913992896804121e-03
2.0786542954456832e-03
7.8007183583781174e-04
3.1828786131147868e-04
1.3593625539136297e-04
3.9526615271435248e-05
1.0027509514258515e-05
6.1853240125127694e-06
7.1423670860931542e-07
1.7471384378832149e-02
1.6924598522459616e-02
1.5522779570425173e-02
1.4097195414216937e-02
1.2411691274458462e-02
9.6442773357683191e-03
6.2676479198806008e-03
4.5094265478930621e-03
1.7714996847752564e-03
6.6482162525638910e-04
2.7127048622244696e-04
1.1585910482420704e-04
3.3691474296424055e-05
8.5474901354093484e-06
5.2724193863296571e-06
6.0883926545411186e-07
1.4701470462593468e-02
1.4242852285670236e-02
1.3066807104399537e-02
1.1866656858559775e-02
1.0444686059351064e-02
8.1109885424678774e-03
5.2712577633264208e-03
3.7926584242567204e-03
1.4899231828604820e-03
5.5909740932003017e-04
2.2811451330980410e-04
9.7423030064798055e-05
2.8330790043591201e-05
7.1875662031806500e-06
4.4335723260397487e-06
5.1197707632983896e-07
1.2147792044919647e-02
1.1769882242813123e-02
1.0801738999282899e-02
9.8090992816300595e-03
8.6295201514623564e-03
6.6963876045788712e-03
4.3518887445265012e-03
3.1311814927249219e-03
