%Vec Object: V0_EPS_0x84000000_0 1 MPI processes
%  type: seq
phitest8 = [
1.5993796067893648e-03
3.1630317159629961e-03
4.6560269231724549e-03
6.0450141825183490e-03
7.2989658138110508e-03
8.3898706096787404e-03
9.2933595596548374e-03
9.9892502136026320e-03
1.0461997524297717e-02
1.0701041098090208e-02
1.0701041096641292e-02
1.0461997520079702e-02
9.9892502069903102e-03
9.2933595512357439e-03
8.3898706002009469e-03
7.2989658041167031e-03
6.0450141734688300e-03
4.6560269155718568e-03
3.1630317104866627e-03
1.5993796039238924e-03
3.1735360634346723e-03
6.2761805751336006e-03
9.2386255834988589e-03
1.1994694962196399e-02
1.4482822675478057e-02
1.6647428061693840e-02
1.8440157413432714e-02
1.9820964119442758e-02
2.0759003239745367e-02
2.1233320530613938e-02
2.1233320527738953e-02
2.0759003231375858e-02
1.9820964106322409e-02
1.8440157396727309e-02
1.6647428042887734e-02
1.4482822656242251e-02
1.1994694944240084e-02
9.2386255684175304e-03
6.2761805642673014e-03
3.1735360577489205e-03
4.6976440025751067e-03
9.2903504004758150e-03
1.3675525721736850e-02
1.7755212395757825e-02
2.1438276963578851e-02
2.4642445848772843e-02
2.7296143213195387e-02
2.9340089842931599e-02
3.0728627347969807e-02
3.1430738095170496e-02
3.1430738090914769e-02
3.0728627335580797e-02
2.9340089823510117e-02
2.7296143188467119e-02
2.4642445820935003e-02
2.1438276935104958e-02
1.7755212369177893e-02
1.3675525699412640e-02
9.2903503843909212e-03
4.6976439941587445e-03
6.1476673492297995e-03
1.2158005968225987e-02
1.7896754823692025e-02
2.3235719748922263e-02
2.8055637089675772e-02
3.2248837857151366e-02
3.5721652875287023e-02
3.8396505195366984e-02
4.0213643036851994e-02
4.1132474543399300e-02
4.1132474537829963e-02
4.0213643020638880e-02
3.8396505169950662e-02
3.5721652842925895e-02
3.2248837820720855e-02
2.8055637052412850e-02
2.3235719714137910e-02
1.7896754794477002e-02
1.2158005947176172e-02
6.1476673382155631e-03
7.5007383829479987e-03
1.4833922664571073e-02
2.1835741625332795e-02
2.8349786199475972e-02
3.4230543395122853e-02
3.9346646814080899e-02
4.3583811160110744e-02
4.6847385183590523e-02
4.9064466034011239e-02
5.0185527789163763e-02
5.0185527782368664e-02
4.9064466014229730e-02
4.6847385152580273e-02
4.3583811120627126e-02
3.9346646769632232e-02
3.4230543349658582e-02
2.8349786157035796e-02
2.1835741589687728e-02
1.4833922638888327e-02
7.5007383695095938e-03
8.7355183745459510e-03
1.7275899703093622e-02
2.5430365978844318e-02
3.3016759899661796e-02
3.9865613961230388e-02
4.5823936081088160e-02
5.0758627188947775e-02
5.4559454439983515e-02
5.7141513634413436e-02
5.8447125836993248e-02
5.8447125829079537e-02
5.7141513611375483e-02
5.4559454403868342e-02
5.0758627142964356e-02
4.5823936029322339e-02
3.9865613908281770e-02
3.3016759850235111e-02
2.5430365937331358e-02
1.7275899673182982e-02
8.7355183588953174e-03
9.8325341100286984e-03
1.9445425655227000e-02
2.8623938522766457e-02
3.7163039901787875e-02
4.4871980377627921e-02
5.1578554958565156e-02
5.7132949850786631e-02
6.1411089050977884e-02
6.4317405999188199e-02
6.5786978377828306e-02
6.5786978368920779e-02
6.4317405973257122e-02
6.1411089010327359e-02
5.7132949799028623e-02
5.1578554900298591e-02
4.4871980318030018e-02
3.7163039846154190e-02
2.8623938476040299e-02
1.9445425621560184e-02
9.8325340924126595e-03
1.0774484994550245e-02
2.1308285797980737e-02
3.1366094706339727e-02
4.0723236888167473e-02
4.9170689249009296e-02
5.6519749661974358e-02
6.2606252261442299e-02
6.7294234637221048e-02
7.0478975010098116e-02
7.2089331543304894e-02
7.2089331533544077e-02
7.0478974981682888e-02
6.7294234592676264e-02
6.2606252204725973e-02
5.6519749598125897e-02
4.9170689183702015e-02
4.0723236827204190e-02
3.1366094655137289e-02
2.1308285761088692e-02
1.0774484975246619e-02
1.1546515893215367e-02
2.2835101700731459e-02
3.3613589068808007e-02
4.3641204400046402e-02
5.2693947337734408e-02
6.0569594563696608e-02
6.7092217133072354e-02
7.2116110436225275e-02
7.5529048998930592e-02
7.7254793413983378e-02
7.7254793403523120e-02
7.5529048968479270e-02
7.2116110388488780e-02
6.7092217072292140e-02
6.0569594495273313e-02
5.2693947267747704e-02
4.3641204334714981e-02
3.3613589013936809e-02
2.2835101661196022e-02
1.1546515872528596e-02
1.2136451405855203e-02
2.4001794541462701e-02
3.5330977247403424e-02
4.5870924302401479e-02
5.5386190705620723e-02
6.3664221128954937e-02
7.0520098051834998e-02
7.5800672513066533e-02
7.9387985205528228e-02
8.1201901492130441e-02
8.1201901481135749e-02
7.9387985173521178e-02
7.5800672462891142e-02
7.0520097987949462e-02
6.3664221057035841e-02
5.5386190632058387e-02
4.5870924233732215e-02
3.5330977189728802e-02
2.4001794499907352e-02
1.2136451384111522e-02
1.2534987881096782e-02
2.4789964845626913e-02
3.6491174958262089e-02
4.7377232520200020e-02
5.7204960993797932e-02
6.5754825164620057e-02
7.2835835195371901e-02
7.8289813023259255e-02
8.1994925796505122e-02
8.3868407418893842e-02
8.3868407407538148e-02
8.1994925763447163e-02
7.8289812971436251e-02
7.2835835129388599e-02
6.5754825090339392e-02
5.7204960917820076e-02
4.7377232449275899e-02
3.6491174898693607e-02
2.4789964802707034e-02
1.2534987858639112e-02
1.2735840141503767e-02
2.5187182658829785e-02
3.7075885134673733e-02
4.8136373600652108e-02
5.8121575020958265e-02
6.6808436495740448e-02
7.4002907894315892e-02
7.9544276614426854e-02
8.3308757636180689e-02
8.5212258674803157e-02
8.5212258663265553e-02
8.3308757602593000e-02
7.9544276561773500e-02
7.4002907827275380e-02
6.6808436420269651e-02
5.8121574943763070e-02
4.8136373528591632e-02
3.7075885074150862e-02
2.5187182615222271e-02
1.2735840118686287e-02
1.2735840605782311e-02
2.5187183577015670e-02
3.7075886486256170e-02
4.8136375355439021e-02
5.8121577139750587e-02
6.6808438931207900e-02
7.4002910592054105e-02
7.9544279514172853e-02
8.3308760673158941e-02
8.5212261781172624e-02
8.5212261769634964e-02
8.3308760639571267e-02
7.9544279461519554e-02
7.4002910525013718e-02
6.6808438855737215e-02
5.8121577062555489e-02
4.8136375283378621e-02
3.7075886425733388e-02
2.5187183533408188e-02
1.2735840582964855e-02
1.2534989244760085e-02
2.4789967542491541e-02
3.6491178928084539e-02
4.7377237674301034e-02
5.7204967217043434e-02
6.5754832317993020e-02
7.2835843119077773e-02
7.8289821540295582e-02
8.1994934716615328e-02
8.3868416542817473e-02
8.3868416531461834e-02
8.1994934683557438e-02
7.8289821488472744e-02
7.2835843053094720e-02
6.5754832243712591e-02
5.7204967141065814e-02
4.7377237603377143e-02
3.6491178868516300e-02
2.4789967499571811e-02
1.2534989222302496e-02
1.2136453583219284e-02
2.4001798847552148e-02
3.5330983586027327e-02
4.5870932531965454e-02
5.5386200642289940e-02
6.3664232550760633e-02
7.0520110703632913e-02
7.5800686112236434e-02
7.9387999448287089e-02
8.1201916060318624e-02
8.1201916049324099e-02
7.9387999416280289e-02
7.5800686062061334e-02
7.0520110639747807e-02
6.3664232478841995e-02
5.5386200568728047e-02
4.5870932463296606e-02
3.5330983528353066e-02
2.4001798805997062e-02
1.2136453561475736e-02
1.1546518747468428e-02
2.2835107345478292e-02
3.3613597377954323e-02
4.3641215187979587e-02
5.2693960363469884e-02
6.0569609536261011e-02
6.7092233718003283e-02
7.2116128263042867e-02
7.5529067669413127e-02
7.7254812511063239e-02
7.7254812500603134e-02
7.5529067638962166e-02
7.2116128215306788e-02
6.7092233657223665e-02
6.0569609467838327e-02
5.2693960293483839e-02
4.3641215122648749e-02
3.3613597323083597e-02
2.2835107305943202e-02
1.1546518726781837e-02
1.0774488346349068e-02
2.1308292426704740e-02
3.1366104463914204e-02
4.0723249556624326e-02
4.9170704545356173e-02
5.6519767244516149e-02
6.2606271737414107e-02
6.7294255571561823e-02
7.0478996935169319e-02
7.2089353969336703e-02
7.2089353959575969e-02
7.0478996906754424e-02
6.7294255527017566e-02
6.2606271680698447e-02
5.6519767180668486e-02
4.9170704480049648e-02
4.0723249495661730e-02
3.1366104412712342e-02
2.1308292389813126e-02
1.0774488327045660e-02
9.8325377487674323e-03
1.9445432851421071e-02
2.8623949115664803e-02
3.7163053654762669e-02
